0000001111011001
0000000000111001
0100100001010000
0000000101011011
0000000100111001
0001000001010001
0000000101011011
0000000100111001
0000100001010000
0000000101011011
0000000100111001
0001000001010001
0000000101011011
0000000100100001
0000001001000001
0000100001110000
0000010110100001
0000100010010000
0000010100111010
0000000110111001
0000010101011010
1101001000111000
0000100010110001
0000010101011011
0000000110111001
0000010100111011
1000111010011000
0000010010000001
0111111001111000
0000001101100001
1111111101111001
0100000001110101
0010000001111001
0000000100100001
0000010110100001
0000010100111010
0000110101011010
0100000000110101
0000001000100000
0000001100111011
0001010100111010
0001110101011010
0100000000110101
0000001000100000
0000001100111011